{
 "cells": [
  {
   "cell_type": "code",
   "execution_count": 1,
   "id": "3920bfe6",
   "metadata": {},
   "outputs": [
    {
     "data": {
      "text/html": [
       "<div>\n",
       "<style scoped>\n",
       "    .dataframe tbody tr th:only-of-type {\n",
       "        vertical-align: middle;\n",
       "    }\n",
       "\n",
       "    .dataframe tbody tr th {\n",
       "        vertical-align: top;\n",
       "    }\n",
       "\n",
       "    .dataframe thead th {\n",
       "        text-align: right;\n",
       "    }\n",
       "</style>\n",
       "<table border=\"1\" class=\"dataframe\">\n",
       "  <thead>\n",
       "    <tr style=\"text-align: right;\">\n",
       "      <th></th>\n",
       "      <th>country</th>\n",
       "      <th>child_mort</th>\n",
       "      <th>exports</th>\n",
       "      <th>health</th>\n",
       "      <th>imports</th>\n",
       "      <th>income</th>\n",
       "      <th>inflation</th>\n",
       "      <th>life_expec</th>\n",
       "      <th>total_fer</th>\n",
       "      <th>gdpp</th>\n",
       "    </tr>\n",
       "  </thead>\n",
       "  <tbody>\n",
       "    <tr>\n",
       "      <th>0</th>\n",
       "      <td>Afghanistan</td>\n",
       "      <td>90.2</td>\n",
       "      <td>10.0</td>\n",
       "      <td>7.58</td>\n",
       "      <td>44.9</td>\n",
       "      <td>1610</td>\n",
       "      <td>9.44</td>\n",
       "      <td>56.2</td>\n",
       "      <td>5.82</td>\n",
       "      <td>553</td>\n",
       "    </tr>\n",
       "    <tr>\n",
       "      <th>1</th>\n",
       "      <td>Albania</td>\n",
       "      <td>16.6</td>\n",
       "      <td>28.0</td>\n",
       "      <td>6.55</td>\n",
       "      <td>48.6</td>\n",
       "      <td>9930</td>\n",
       "      <td>4.49</td>\n",
       "      <td>76.3</td>\n",
       "      <td>1.65</td>\n",
       "      <td>4090</td>\n",
       "    </tr>\n",
       "    <tr>\n",
       "      <th>2</th>\n",
       "      <td>Algeria</td>\n",
       "      <td>27.3</td>\n",
       "      <td>38.4</td>\n",
       "      <td>4.17</td>\n",
       "      <td>31.4</td>\n",
       "      <td>12900</td>\n",
       "      <td>16.10</td>\n",
       "      <td>76.5</td>\n",
       "      <td>2.89</td>\n",
       "      <td>4460</td>\n",
       "    </tr>\n",
       "    <tr>\n",
       "      <th>3</th>\n",
       "      <td>Angola</td>\n",
       "      <td>119.0</td>\n",
       "      <td>62.3</td>\n",
       "      <td>2.85</td>\n",
       "      <td>42.9</td>\n",
       "      <td>5900</td>\n",
       "      <td>22.40</td>\n",
       "      <td>60.1</td>\n",
       "      <td>6.16</td>\n",
       "      <td>3530</td>\n",
       "    </tr>\n",
       "    <tr>\n",
       "      <th>4</th>\n",
       "      <td>Antigua and Barbuda</td>\n",
       "      <td>10.3</td>\n",
       "      <td>45.5</td>\n",
       "      <td>6.03</td>\n",
       "      <td>58.9</td>\n",
       "      <td>19100</td>\n",
       "      <td>1.44</td>\n",
       "      <td>76.8</td>\n",
       "      <td>2.13</td>\n",
       "      <td>12200</td>\n",
       "    </tr>\n",
       "    <tr>\n",
       "      <th>...</th>\n",
       "      <td>...</td>\n",
       "      <td>...</td>\n",
       "      <td>...</td>\n",
       "      <td>...</td>\n",
       "      <td>...</td>\n",
       "      <td>...</td>\n",
       "      <td>...</td>\n",
       "      <td>...</td>\n",
       "      <td>...</td>\n",
       "      <td>...</td>\n",
       "    </tr>\n",
       "    <tr>\n",
       "      <th>162</th>\n",
       "      <td>Vanuatu</td>\n",
       "      <td>29.2</td>\n",
       "      <td>46.6</td>\n",
       "      <td>5.25</td>\n",
       "      <td>52.7</td>\n",
       "      <td>2950</td>\n",
       "      <td>2.62</td>\n",
       "      <td>63.0</td>\n",
       "      <td>3.50</td>\n",
       "      <td>2970</td>\n",
       "    </tr>\n",
       "    <tr>\n",
       "      <th>163</th>\n",
       "      <td>Venezuela</td>\n",
       "      <td>17.1</td>\n",
       "      <td>28.5</td>\n",
       "      <td>4.91</td>\n",
       "      <td>17.6</td>\n",
       "      <td>16500</td>\n",
       "      <td>45.90</td>\n",
       "      <td>75.4</td>\n",
       "      <td>2.47</td>\n",
       "      <td>13500</td>\n",
       "    </tr>\n",
       "    <tr>\n",
       "      <th>164</th>\n",
       "      <td>Vietnam</td>\n",
       "      <td>23.3</td>\n",
       "      <td>72.0</td>\n",
       "      <td>6.84</td>\n",
       "      <td>80.2</td>\n",
       "      <td>4490</td>\n",
       "      <td>12.10</td>\n",
       "      <td>73.1</td>\n",
       "      <td>1.95</td>\n",
       "      <td>1310</td>\n",
       "    </tr>\n",
       "    <tr>\n",
       "      <th>165</th>\n",
       "      <td>Yemen</td>\n",
       "      <td>56.3</td>\n",
       "      <td>30.0</td>\n",
       "      <td>5.18</td>\n",
       "      <td>34.4</td>\n",
       "      <td>4480</td>\n",
       "      <td>23.60</td>\n",
       "      <td>67.5</td>\n",
       "      <td>4.67</td>\n",
       "      <td>1310</td>\n",
       "    </tr>\n",
       "    <tr>\n",
       "      <th>166</th>\n",
       "      <td>Zambia</td>\n",
       "      <td>83.1</td>\n",
       "      <td>37.0</td>\n",
       "      <td>5.89</td>\n",
       "      <td>30.9</td>\n",
       "      <td>3280</td>\n",
       "      <td>14.00</td>\n",
       "      <td>52.0</td>\n",
       "      <td>5.40</td>\n",
       "      <td>1460</td>\n",
       "    </tr>\n",
       "  </tbody>\n",
       "</table>\n",
       "<p>167 rows × 10 columns</p>\n",
       "</div>"
      ],
      "text/plain": [
       "                 country  child_mort  exports  health  imports  income  \\\n",
       "0            Afghanistan        90.2     10.0    7.58     44.9    1610   \n",
       "1                Albania        16.6     28.0    6.55     48.6    9930   \n",
       "2                Algeria        27.3     38.4    4.17     31.4   12900   \n",
       "3                 Angola       119.0     62.3    2.85     42.9    5900   \n",
       "4    Antigua and Barbuda        10.3     45.5    6.03     58.9   19100   \n",
       "..                   ...         ...      ...     ...      ...     ...   \n",
       "162              Vanuatu        29.2     46.6    5.25     52.7    2950   \n",
       "163            Venezuela        17.1     28.5    4.91     17.6   16500   \n",
       "164              Vietnam        23.3     72.0    6.84     80.2    4490   \n",
       "165                Yemen        56.3     30.0    5.18     34.4    4480   \n",
       "166               Zambia        83.1     37.0    5.89     30.9    3280   \n",
       "\n",
       "     inflation  life_expec  total_fer   gdpp  \n",
       "0         9.44        56.2       5.82    553  \n",
       "1         4.49        76.3       1.65   4090  \n",
       "2        16.10        76.5       2.89   4460  \n",
       "3        22.40        60.1       6.16   3530  \n",
       "4         1.44        76.8       2.13  12200  \n",
       "..         ...         ...        ...    ...  \n",
       "162       2.62        63.0       3.50   2970  \n",
       "163      45.90        75.4       2.47  13500  \n",
       "164      12.10        73.1       1.95   1310  \n",
       "165      23.60        67.5       4.67   1310  \n",
       "166      14.00        52.0       5.40   1460  \n",
       "\n",
       "[167 rows x 10 columns]"
      ]
     },
     "execution_count": 1,
     "metadata": {},
     "output_type": "execute_result"
    }
   ],
   "source": [
    "import pandas as pd\n",
    "import numpy as np\n",
    "import warnings\n",
    "\n",
    "warnings.filterwarnings(\"ignore\")\n",
    "df = pd.read_csv('C:\\\\Users\\\\Mubasshira\\\\Downloads\\\\Country-data.csv')\n",
    "df"
   ]
  },
  {
   "cell_type": "markdown",
   "id": "3f2a79a6",
   "metadata": {},
   "source": [
    "### **Knowledge**\n",
    "- **What is PCA?**  \n",
    "  PCA is an **unsupervised machine learning algorithm** that helps data enthusiasts reduce the **curse of dimensionality**. In simple terms, PCA reduces the number of dimensions (features) in the data while minimizing information loss.  \n",
    "\n",
    "- **Goal of PCA**:  \n",
    "  The main objective is to find new variables called **principal components** that capture the maximum variance in the data.  "
   ]
  },
  {
   "cell_type": "markdown",
   "id": "f36b71ff",
   "metadata": {},
   "source": [
    "**I first thought of encoding country column because PCA only works best with numerical data. However, as Country column is a primary Identifier, encoding might lead to false artificial patterns in variance. Thus excluding from scaling and building PCA. Keeping Country column aside.**"
   ]
  },
  {
   "cell_type": "code",
   "execution_count": 2,
   "id": "834dabb8",
   "metadata": {},
   "outputs": [],
   "source": [
    "df1 = df.drop(columns=['country'])"
   ]
  },
  {
   "cell_type": "markdown",
   "id": "4875bd03",
   "metadata": {},
   "source": [
    "# Standardizing columns"
   ]
  },
  {
   "cell_type": "markdown",
   "id": "109bb314",
   "metadata": {},
   "source": [
    "- Standardization is a crucial step before performing PCA because unstandardized data can introduce artificial patterns in variance, which may confuse the model.  \n",
    "  - Instead of directly using libraries like `StandardScaler`, I used **pandas** and **NumPy** to manually standardize the data using the \n",
    "  Z-score formula: (observed value - mean of data)/standard deviation of data)\n",
    "    "
   ]
  },
  {
   "cell_type": "code",
   "execution_count": 3,
   "id": "31ab24cb",
   "metadata": {},
   "outputs": [
    {
     "data": {
      "text/html": [
       "<div>\n",
       "<style scoped>\n",
       "    .dataframe tbody tr th:only-of-type {\n",
       "        vertical-align: middle;\n",
       "    }\n",
       "\n",
       "    .dataframe tbody tr th {\n",
       "        vertical-align: top;\n",
       "    }\n",
       "\n",
       "    .dataframe thead th {\n",
       "        text-align: right;\n",
       "    }\n",
       "</style>\n",
       "<table border=\"1\" class=\"dataframe\">\n",
       "  <thead>\n",
       "    <tr style=\"text-align: right;\">\n",
       "      <th></th>\n",
       "      <th>child_mort</th>\n",
       "      <th>exports</th>\n",
       "      <th>health</th>\n",
       "      <th>imports</th>\n",
       "      <th>income</th>\n",
       "      <th>inflation</th>\n",
       "      <th>life_expec</th>\n",
       "      <th>total_fer</th>\n",
       "      <th>gdpp</th>\n",
       "    </tr>\n",
       "  </thead>\n",
       "  <tbody>\n",
       "    <tr>\n",
       "      <th>0</th>\n",
       "      <td>1.287660</td>\n",
       "      <td>-1.134867</td>\n",
       "      <td>0.278251</td>\n",
       "      <td>-0.082208</td>\n",
       "      <td>-0.805822</td>\n",
       "      <td>0.156864</td>\n",
       "      <td>-1.614237</td>\n",
       "      <td>1.897176</td>\n",
       "      <td>-0.677143</td>\n",
       "    </tr>\n",
       "    <tr>\n",
       "      <th>1</th>\n",
       "      <td>-0.537333</td>\n",
       "      <td>-0.478220</td>\n",
       "      <td>-0.096725</td>\n",
       "      <td>0.070624</td>\n",
       "      <td>-0.374243</td>\n",
       "      <td>-0.311411</td>\n",
       "      <td>0.645924</td>\n",
       "      <td>-0.857394</td>\n",
       "      <td>-0.484167</td>\n",
       "    </tr>\n",
       "    <tr>\n",
       "      <th>2</th>\n",
       "      <td>-0.272015</td>\n",
       "      <td>-0.098824</td>\n",
       "      <td>-0.963176</td>\n",
       "      <td>-0.639838</td>\n",
       "      <td>-0.220182</td>\n",
       "      <td>0.786908</td>\n",
       "      <td>0.668413</td>\n",
       "      <td>-0.038289</td>\n",
       "      <td>-0.463980</td>\n",
       "    </tr>\n",
       "    <tr>\n",
       "      <th>3</th>\n",
       "      <td>2.001787</td>\n",
       "      <td>0.773056</td>\n",
       "      <td>-1.443729</td>\n",
       "      <td>-0.164820</td>\n",
       "      <td>-0.583289</td>\n",
       "      <td>1.382894</td>\n",
       "      <td>-1.175698</td>\n",
       "      <td>2.121770</td>\n",
       "      <td>-0.514720</td>\n",
       "    </tr>\n",
       "    <tr>\n",
       "      <th>4</th>\n",
       "      <td>-0.693548</td>\n",
       "      <td>0.160186</td>\n",
       "      <td>-0.286034</td>\n",
       "      <td>0.496076</td>\n",
       "      <td>0.101427</td>\n",
       "      <td>-0.599944</td>\n",
       "      <td>0.702147</td>\n",
       "      <td>-0.540321</td>\n",
       "      <td>-0.041692</td>\n",
       "    </tr>\n",
       "    <tr>\n",
       "      <th>...</th>\n",
       "      <td>...</td>\n",
       "      <td>...</td>\n",
       "      <td>...</td>\n",
       "      <td>...</td>\n",
       "      <td>...</td>\n",
       "      <td>...</td>\n",
       "      <td>...</td>\n",
       "      <td>...</td>\n",
       "      <td>...</td>\n",
       "    </tr>\n",
       "    <tr>\n",
       "      <th>162</th>\n",
       "      <td>-0.224902</td>\n",
       "      <td>0.200315</td>\n",
       "      <td>-0.569997</td>\n",
       "      <td>0.239979</td>\n",
       "      <td>-0.736313</td>\n",
       "      <td>-0.488315</td>\n",
       "      <td>-0.849606</td>\n",
       "      <td>0.364658</td>\n",
       "      <td>-0.545273</td>\n",
       "    </tr>\n",
       "    <tr>\n",
       "      <th>163</th>\n",
       "      <td>-0.524935</td>\n",
       "      <td>-0.459980</td>\n",
       "      <td>-0.693776</td>\n",
       "      <td>-1.209860</td>\n",
       "      <td>-0.033442</td>\n",
       "      <td>3.606020</td>\n",
       "      <td>0.544723</td>\n",
       "      <td>-0.315728</td>\n",
       "      <td>0.029235</td>\n",
       "    </tr>\n",
       "    <tr>\n",
       "      <th>164</th>\n",
       "      <td>-0.371199</td>\n",
       "      <td>1.126916</td>\n",
       "      <td>0.008851</td>\n",
       "      <td>1.375892</td>\n",
       "      <td>-0.656429</td>\n",
       "      <td>0.408503</td>\n",
       "      <td>0.286097</td>\n",
       "      <td>-0.659224</td>\n",
       "      <td>-0.635842</td>\n",
       "    </tr>\n",
       "    <tr>\n",
       "      <th>165</th>\n",
       "      <td>0.447072</td>\n",
       "      <td>-0.405259</td>\n",
       "      <td>-0.595481</td>\n",
       "      <td>-0.515920</td>\n",
       "      <td>-0.656948</td>\n",
       "      <td>1.496416</td>\n",
       "      <td>-0.343599</td>\n",
       "      <td>1.137523</td>\n",
       "      <td>-0.635842</td>\n",
       "    </tr>\n",
       "    <tr>\n",
       "      <th>166</th>\n",
       "      <td>1.111607</td>\n",
       "      <td>-0.149897</td>\n",
       "      <td>-0.337002</td>\n",
       "      <td>-0.660491</td>\n",
       "      <td>-0.719195</td>\n",
       "      <td>0.588245</td>\n",
       "      <td>-2.086510</td>\n",
       "      <td>1.619738</td>\n",
       "      <td>-0.627658</td>\n",
       "    </tr>\n",
       "  </tbody>\n",
       "</table>\n",
       "<p>167 rows × 9 columns</p>\n",
       "</div>"
      ],
      "text/plain": [
       "     child_mort   exports    health   imports    income  inflation  \\\n",
       "0      1.287660 -1.134867  0.278251 -0.082208 -0.805822   0.156864   \n",
       "1     -0.537333 -0.478220 -0.096725  0.070624 -0.374243  -0.311411   \n",
       "2     -0.272015 -0.098824 -0.963176 -0.639838 -0.220182   0.786908   \n",
       "3      2.001787  0.773056 -1.443729 -0.164820 -0.583289   1.382894   \n",
       "4     -0.693548  0.160186 -0.286034  0.496076  0.101427  -0.599944   \n",
       "..          ...       ...       ...       ...       ...        ...   \n",
       "162   -0.224902  0.200315 -0.569997  0.239979 -0.736313  -0.488315   \n",
       "163   -0.524935 -0.459980 -0.693776 -1.209860 -0.033442   3.606020   \n",
       "164   -0.371199  1.126916  0.008851  1.375892 -0.656429   0.408503   \n",
       "165    0.447072 -0.405259 -0.595481 -0.515920 -0.656948   1.496416   \n",
       "166    1.111607 -0.149897 -0.337002 -0.660491 -0.719195   0.588245   \n",
       "\n",
       "     life_expec  total_fer      gdpp  \n",
       "0     -1.614237   1.897176 -0.677143  \n",
       "1      0.645924  -0.857394 -0.484167  \n",
       "2      0.668413  -0.038289 -0.463980  \n",
       "3     -1.175698   2.121770 -0.514720  \n",
       "4      0.702147  -0.540321 -0.041692  \n",
       "..          ...        ...       ...  \n",
       "162   -0.849606   0.364658 -0.545273  \n",
       "163    0.544723  -0.315728  0.029235  \n",
       "164    0.286097  -0.659224 -0.635842  \n",
       "165   -0.343599   1.137523 -0.635842  \n",
       "166   -2.086510   1.619738 -0.627658  \n",
       "\n",
       "[167 rows x 9 columns]"
      ]
     },
     "execution_count": 3,
     "metadata": {},
     "output_type": "execute_result"
    }
   ],
   "source": [
    "standard_df = (df1 - df1.mean()) / df1.std()\n",
    "standard_df"
   ]
  },
  {
   "cell_type": "markdown",
   "id": "1a3435f5",
   "metadata": {},
   "source": [
    "# Covariance Matrix"
   ]
  },
  {
   "cell_type": "markdown",
   "id": "7b797595",
   "metadata": {},
   "source": [
    " - To analyze relationships and variance between features, a **covariance matrix** is created. The covariance matrix quantifies how much two variables change together, with values ranging from  to -∞ to +∞.  \n",
    "  - Instead of relying on inbuilt functions from pandas or NumPy, I manually calculated the covariance matrix using mathematical formulas and **NumPy**.\n"
   ]
  },
  {
   "cell_type": "code",
   "execution_count": 4,
   "id": "a41fa6f0",
   "metadata": {},
   "outputs": [
    {
     "name": "stdout",
     "output_type": "stream",
     "text": [
      "[[ 0.99401198 -0.31618847 -0.19920205 -0.12644918 -0.52117541  0.28654996\n",
      "  -0.88136666  0.8433974  -0.48013976]\n",
      " [-0.31618847  0.99401198 -0.11372332  0.73296538  0.51368909 -0.10665191\n",
      "   0.31441852 -0.31809432  0.41621742]\n",
      " [-0.19920205 -0.11372332  0.99401198  0.09514352  0.12880269 -0.2538466\n",
      "   0.20943049 -0.1954963   0.34389388]\n",
      " [-0.12644918  0.73296538  0.09514352  0.99401198  0.12167328 -0.24551527\n",
      "   0.05406484 -0.15809605  0.11480656]\n",
      " [-0.52117541  0.51368909  0.12880269  0.12167328  0.99401198 -0.14687123\n",
      "   0.60829802 -0.49883502  0.89020873]\n",
      " [ 0.28654996 -0.10665191 -0.2538466  -0.24551527 -0.14687123  0.99401198\n",
      "  -0.2382696   0.31502334 -0.22030393]\n",
      " [-0.88136666  0.31441852  0.20943049  0.05406484  0.60829802 -0.2382696\n",
      "   0.99401198 -0.75631855  0.59649579]\n",
      " [ 0.8433974  -0.31809432 -0.1954963  -0.15809605 -0.49883502  0.31502334\n",
      "  -0.75631855  0.99401198 -0.45218625]\n",
      " [-0.48013976  0.41621742  0.34389388  0.11480656  0.89020873 -0.22030393\n",
      "   0.59649579 -0.45218625  0.99401198]]\n"
     ]
    }
   ],
   "source": [
    "centered_df = standard_df - standard_df.mean()\n",
    "\n",
    "n_features = standard_df.shape[1]\n",
    "covariance_matrix = np.zeros((n_features, n_features))\n",
    "\n",
    "for i in range(n_features):\n",
    "    for j in range(n_features):\n",
    "        covariance_matrix[i,j] = np.sum(centered_df.iloc[:, i] * centered_df.iloc[:, j])/ len(standard_df)\n",
    "        \n",
    "print(covariance_matrix)"
   ]
  },
  {
   "cell_type": "markdown",
   "id": "6998051a",
   "metadata": {},
   "source": [
    "**lets check if our manual implementation is correct or not with the help of pandas .cov()**\n",
    "\n",
    "**Since numpy and pandas takes sample variance i.e. n-1, we will also use n-1 in denominator in our manual formula**"
   ]
  },
  {
   "cell_type": "code",
   "execution_count": 5,
   "id": "fcd3e185",
   "metadata": {},
   "outputs": [
    {
     "name": "stdout",
     "output_type": "stream",
     "text": [
      "[[ 1.         -0.31809322 -0.20040206 -0.12721092 -0.52431502  0.28827617\n",
      "  -0.8866761   0.84847811 -0.48303217]\n",
      " [-0.31809322  1.         -0.1144084   0.73738083  0.5167836  -0.10729439\n",
      "   0.3163126  -0.32001055  0.41872475]\n",
      " [-0.20040206 -0.1144084   1.          0.09571668  0.12957861 -0.25537579\n",
      "   0.21069212 -0.19667399  0.34596553]\n",
      " [-0.12721092  0.73738083  0.09571668  1.          0.12240625 -0.24699428\n",
      "   0.05439053 -0.15904843  0.11549817]\n",
      " [-0.52431502  0.5167836   0.12957861  0.12240625  1.         -0.147756\n",
      "   0.61196247 -0.50184005  0.89557143]\n",
      " [ 0.28827617 -0.10729439 -0.25537579 -0.24699428 -0.147756    1.\n",
      "  -0.23970496  0.31692107 -0.22163106]\n",
      " [-0.8866761   0.3163126   0.21069212  0.05439053  0.61196247 -0.23970496\n",
      "   1.         -0.76087469  0.60008913]\n",
      " [ 0.84847811 -0.32001055 -0.19667399 -0.15904843 -0.50184005  0.31692107\n",
      "  -0.76087469  1.         -0.45491027]\n",
      " [-0.48303217  0.41872475  0.34596553  0.11549817  0.89557143 -0.22163106\n",
      "   0.60008913 -0.45491027  1.        ]]\n"
     ]
    }
   ],
   "source": [
    "centered_df = standard_df - standard_df.mean()\n",
    "\n",
    "n_features = len(standard_df.columns)\n",
    "covariance_matrix = np.zeros((n_features, n_features))\n",
    "\n",
    "for i in range(n_features):\n",
    "    for j in range(n_features):\n",
    "        covariance_matrix[i,j] = np.sum(centered_df.iloc[:, i] * centered_df.iloc[:, j])/ (len(standard_df) - 1) #N-1\n",
    "        \n",
    "print(covariance_matrix)"
   ]
  },
  {
   "cell_type": "code",
   "execution_count": 6,
   "id": "7e89e698",
   "metadata": {},
   "outputs": [
    {
     "data": {
      "text/plain": [
       "array([[ 1.        , -0.31809322, -0.20040206, -0.12721092, -0.52431502,\n",
       "         0.28827617, -0.8866761 ,  0.84847811, -0.48303217],\n",
       "       [-0.31809322,  1.        , -0.1144084 ,  0.73738083,  0.5167836 ,\n",
       "        -0.10729439,  0.3163126 , -0.32001055,  0.41872475],\n",
       "       [-0.20040206, -0.1144084 ,  1.        ,  0.09571668,  0.12957861,\n",
       "        -0.25537579,  0.21069212, -0.19667399,  0.34596553],\n",
       "       [-0.12721092,  0.73738083,  0.09571668,  1.        ,  0.12240625,\n",
       "        -0.24699428,  0.05439053, -0.15904843,  0.11549817],\n",
       "       [-0.52431502,  0.5167836 ,  0.12957861,  0.12240625,  1.        ,\n",
       "        -0.147756  ,  0.61196247, -0.50184005,  0.89557143],\n",
       "       [ 0.28827617, -0.10729439, -0.25537579, -0.24699428, -0.147756  ,\n",
       "         1.        , -0.23970496,  0.31692107, -0.22163106],\n",
       "       [-0.8866761 ,  0.3163126 ,  0.21069212,  0.05439053,  0.61196247,\n",
       "        -0.23970496,  1.        , -0.76087469,  0.60008913],\n",
       "       [ 0.84847811, -0.32001055, -0.19667399, -0.15904843, -0.50184005,\n",
       "         0.31692107, -0.76087469,  1.        , -0.45491027],\n",
       "       [-0.48303217,  0.41872475,  0.34596553,  0.11549817,  0.89557143,\n",
       "        -0.22163106,  0.60008913, -0.45491027,  1.        ]])"
      ]
     },
     "execution_count": 6,
     "metadata": {},
     "output_type": "execute_result"
    }
   ],
   "source": [
    "pandas_cov = standard_df.cov().to_numpy()\n",
    "pandas_cov"
   ]
  },
  {
   "cell_type": "markdown",
   "id": "290f5cb4",
   "metadata": {},
   "source": [
    "- Yay! got exact similar values."
   ]
  },
  {
   "cell_type": "code",
   "execution_count": 7,
   "id": "719474e9",
   "metadata": {},
   "outputs": [
    {
     "data": {
      "text/plain": [
       "Index(['child_mort', 'exports', 'health', 'imports', 'income', 'inflation',\n",
       "       'life_expec', 'total_fer', 'gdpp'],\n",
       "      dtype='object')"
      ]
     },
     "execution_count": 7,
     "metadata": {},
     "output_type": "execute_result"
    }
   ],
   "source": [
    "standard_df.columns"
   ]
  },
  {
   "cell_type": "code",
   "execution_count": 8,
   "id": "be9d8ad4",
   "metadata": {
    "scrolled": false
   },
   "outputs": [
    {
     "data": {
      "text/plain": [
       "<Axes: >"
      ]
     },
     "execution_count": 8,
     "metadata": {},
     "output_type": "execute_result"
    },
    {
     "data": {
